
980
978
979
982
984
984
985
984
984
982
983
980
980
980
979
980
983
983
982
982
983
981
981
979
979
980
980
981
986
986
986
986
985
983
979
977
979
977
976
979
979
981
983
984
986
984
983
982
982
980
984
982
985
986
984
983
981
981
979
977
978
982
982
984
987
989
988
988
988
986
984
984
981
984
986
986
987
986
983
981
982
983
985
984
986
984
985
985
988
992
991
991
990
988
987
985
983
982
985
987
987
991
987
988
986
987
987
985
986
986
989
987
991
992
993
993
988

980
978
979
982
984
984
985
984
984
982
983
980
980
980
979
980
983
983
982
982
983
981
981
979
979
980
980
981
986
986
986
986
985
983
979
977
979
977
976
979
979
981
983
984
986
984
983
982
982
980
984
982
985
986
984
983
981
981
979
977
978
982
982
984
987
989
988
988
988
986
984
984
981
984
986
986
987
986
983
981
982
983
985
984
986
984
985
985
988
992
991
991
990
988
987
985
983
982
985
987
987
991
987
988
986
987
987
985
986
986
989
987
991
992
993
993
988


982
982
983
981
981
979
979
980
980
981
986
986
986
986
985
983
979
977
979
977
976
979
979
981
983
984
986
984
983
982
982
980
984
982
985
986
984
983
981
981
979
977
978
982
982
984
987
989
988
988
988
986
984
984
981
984
986
986
987
986
983
981
982
983
985
984
986
984
985
985
988
992
991
991
990
988
987
985
983
982
985
987
987
991
987
988
986
987
987
985
986
986
989
987
991
992
993
993